[app/ui]
version = 6.5.3
modtime = 1493307017.192523000

[app/launcher]
version = 6.5.3
modtime = 1493307017.199203000

[indexes/nginx_log_access]
owner = admin
version = 6.5.3
modtime = 1493305613.586921000

[app/package/check_for_updates]
version = 6.5.3
modtime = 1493307017.201799000
